const edges = -1.5:0.1:1.5
cos-1000000000
max error -0.38306592582866766 on 0x1.8740aef62e8acp-1
[0, 0, 0, 0, 0, 0, 0, 0, 0, 0, 0, 1317070, 100861532, 198901822, 199989196, 200027421, 198682013, 99115241, 1105705, 0, 0, 0, 0, 0, 0, 0, 0, 0, 0, 0] 
-------------------------------------------------------
sin-1000000000
max error -0.39691575804889995 on 0x1.b2227ef7994b6p-1
[0, 0, 0, 0, 0, 0, 0, 0, 0, 0, 0, 1306214, 100003631, 198680880, 199992385, 200004431, 198688528, 100012690, 1311241, 0, 0, 0, 0, 0, 0, 0, 0, 0, 0, 0] 
-------------------------------------------------------
tan-1000000000
max error -0.4327008178596243 on -0x1.5945176214f3dp-1
[0, 0, 0, 0, 0, 0, 0, 0, 0, 0, 349, 2235095, 100014899, 197755972, 200006322, 200015125, 197739926, 99993690, 2238300, 322, 0, 0, 0, 0, 0, 0, 0, 0, 0, 0] 
-------------------------------------------------------
csc-1000000000
max error -0.8147713884426874 on -0x1.4edf454351562p+1
[0, 0, 0, 0, 0, 0, 7, 46413, 1021676, 4856430, 15033142, 47120922, 99961991, 151850042, 180094097, 180110521, 151880044, 99960742, 47120654, 15026456, 4851196, 1019573, 46087, 7, 0, 0, 0, 0, 0, 0] 
-------------------------------------------------------
sec-1000000000
max error -0.8169193750582355 on 0x1.0c0ea7df9f833p+2
[0, 0, 0, 0, 0, 0, 8, 44689, 1006774, 4815108, 14953874, 47055921, 99893293, 151786943, 180132359, 180174817, 151922775, 100020192, 47179908, 15051602, 4880310, 1033861, 47553, 13, 0, 0, 0, 0, 0, 0] 
-------------------------------------------------------
cot-1000000000
max error -0.8368839058034818 on 0x1.56a3d08ec2bc7p+1
[0, 0, 0, 0, 0, 0, 113, 100024, 2037709, 8932338, 24988754, 57938173, 100883418, 141998304, 167464148, 166278674, 139875529, 98893821, 55978531, 23592983, 8750592, 2170400, 116329, 160, 0, 0, 0, 0, 0, 0] 
-------------------------------------------------------
atan-100000
max error -1.8544731741294551e21 on 0x1.14986204161ffp+1014
[0, 0, 0, 0, 0, 0, 0, 0, 0, 0, 0, 0, 0, 0, 0, 0, 0, 0, 0, 0, 0, 0, 0, 0, 0, 0, 0, 0, 0, 0] 
-------------------------------------------------------
atan-10000
max error 0.13788297170751226 on 0x1.e5a54067f09ebp+1022
[0, 0, 0, 0, 0, 0, 0, 0, 0, 0, 0, 0, 0, 0, 0, 0, 10000, 0, 0, 0, 0, 0, 0, 0, 0, 0, 0, 0, 0, 0] 
-------------------------------------------------------
csc-1000
max error 0.6079559389213047 on -0x1.1957bccd4b800p+140
[0, 0, 0, 0, 0, 0, 0, 0, 0, 1, 9, 25, 114, 171, 175, 189, 175, 99, 27, 11, 3, 1, 0, 0, 0, 0, 0, 0, 0, 0] 
-------------------------------------------------------
csc-1000
max error 0.6079559389213047 on -0x1.1957bccd4b800p+140
[0, 0, 0, 0, 0, 0, 0, 0, 0, 1, 9, 25, 114, 171, 175, 189, 175, 99, 27, 11, 3, 1, 0, 0, 0, 0, 0, 0, 0, 0] 
-------------------------------------------------------
sec-1000
max error -0.6566347590649896 on -0x1.6bbd0a598f000p+430
[0, 0, 0, 0, 0, 0, 0, 0, 1, 2, 8, 32, 58, 91, 97, 136, 74, 42, 23, 14, 1, 1, 0, 0, 0, 0, 0, 0, 0, 0] 
-------------------------------------------------------
cot-1000
max error 0.5928146646753009 on -0x1.5d6c314ab9000p+868
[0, 0, 0, 0, 0, 0, 0, 0, 0, 1, 7, 14, 114, 189, 185, 184, 179, 103, 12, 10, 2, 0, 0, 0, 0, 0, 0, 0, 0, 0] 
-------------------------------------------------------
atan-1000
max error 0.2356299921482031 on -0x1.605706ff9b800p-3
[0, 0, 0, 0, 0, 0, 0, 0, 0, 0, 0, 0, 4, 248, 17, 23, 240, 3, 0, 0, 0, 0, 0, 0, 0, 0, 0, 0, 0, 0] 
-------------------------------------------------------
atan-1000
max error -0.21599304779181883 on 0x1.1e0dd4cf7d000p+22
[0, 0, 0, 0, 0, 0, 0, 0, 0, 0, 0, 0, 1, 4, 14, 3, 236, 1, 0, 0, 0, 0, 0, 0, 0, 0, 0, 0, 0, 0] 
-------------------------------------------------------
atan-1000
max error -0.21599304779181883 on 0x1.1e0dd4cf7d000p+22
[0, 0, 0, 0, 0, 0, 0, 0, 0, 0, 0, 0, 1, 4, 14, 3, 236, 1, 0, 0, 0, 0, 0, 0, 0, 0, 0, 0, 0, 0] 
-------------------------------------------------------
atan-1000
max error -0.21599304779181883 on 0x1.1e0dd4cf7d000p+22
[0, 0, 0, 0, 0, 0, 0, 0, 0, 0, 0, 0, 1, 4, 14, 3, 236, 1, 0, 0, 0, 0, 0, 0, 0, 0, 0, 0, 0, 0] 
-------------------------------------------------------
atan-1000
max error -0.21599304779181883 on 0x1.1e0dd4cf7d000p+22
[0, 0, 0, 0, 0, 0, 0, 0, 0, 0, 0, 0, 1, 4, 14, 3, 236, 1, 0, 0, 0, 0, 0, 0, 0, 0, 0, 0, 0, 0] 
-------------------------------------------------------
atan-1000
max error -0.21599304779181883 on 0x1.1e0dd4cf7d000p+22
[0, 0, 0, 0, 0, 0, 0, 0, 0, 0, 0, 0, 1, 4, 14, 3, 236, 1, 0, 0, 0, 0, 0, 0, 0, 0, 0, 0, 0, 0] 
-------------------------------------------------------
atan-1000
max error -0.2356299921482031 on 0x1.605706ff9b800p-3
[0, 0, 0, 0, 0, 0, 0, 0, 0, 0, 0, 0, 3, 8, 34, 6, 481, 3, 0, 0, 0, 0, 0, 0, 0, 0, 0, 0, 0, 0] 
-------------------------------------------------------
acos-1000
max error 0.2411010503758395 on -0x1.6a67f934d9000p-28
[0, 0, 0, 0, 0, 0, 0, 0, 0, 0, 0, 0, 6, 14, 9, 11, 957, 3, 0, 0, 0, 0, 0, 0, 0, 0, 0, 0, 0, 0] 
-------------------------------------------------------
asin-1000
max error 0.2498234422769627 on -0x1.80d87ba0a5800p-13
[0, 0, 0, 0, 0, 0, 0, 0, 0, 0, 0, 0, 2, 4, 30, 37, 4, 6, 0, 0, 0, 0, 0, 0, 0, 0, 0, 0, 0, 0] 
-------------------------------------------------------
acos-1000
max error 0.2411010503758395 on -0x1.6a67f934d9000p-28
[0, 0, 0, 0, 0, 0, 0, 0, 0, 0, 0, 0, 6, 14, 9, 11, 957, 3, 0, 0, 0, 0, 0, 0, 0, 0, 0, 0, 0, 0] 
-------------------------------------------------------
asin-1000
max error 0.2498234422769627 on -0x1.80d87ba0a5800p-13
[0, 0, 0, 0, 0, 0, 0, 0, 0, 0, 0, 0, 2, 4, 30, 37, 4, 6, 0, 0, 0, 0, 0, 0, 0, 0, 0, 0, 0, 0] 
-------------------------------------------------------
atan-1000
max error -0.24830910806018525 on 0x1.2b8fff4d55400p+44
[0, 0, 0, 0, 0, 0, 0, 0, 0, 0, 0, 0, 6, 7, 34, 12, 468, 4, 0, 0, 0, 0, 0, 0, 0, 0, 0, 0, 0, 0] 
-------------------------------------------------------
acos-1000
max error 0.2411010503758395 on -0x1.6a67f934d9000p-28
[0, 0, 0, 0, 0, 0, 0, 0, 0, 0, 0, 0, 6, 14, 9, 11, 957, 3, 0, 0, 0, 0, 0, 0, 0, 0, 0, 0, 0, 0] 
-------------------------------------------------------
asin-1000
max error 0.2498234422769627 on -0x1.80d87ba0a5800p-13
[0, 0, 0, 0, 0, 0, 0, 0, 0, 0, 0, 0, 2, 4, 30, 37, 4, 6, 0, 0, 0, 0, 0, 0, 0, 0, 0, 0, 0, 0] 
-------------------------------------------------------
atan-1000
max error -0.24830910806018525 on 0x1.2b8fff4d55400p+44
[0, 0, 0, 0, 0, 0, 0, 0, 0, 0, 0, 0, 6, 7, 34, 12, 468, 4, 0, 0, 0, 0, 0, 0, 0, 0, 0, 0, 0, 0] 
-------------------------------------------------------
exp-10000000
max error -0.29626662394361314 on -0x1.62d6d7d5cd800p+9
[0, 0, 0, 0, 0, 0, 0, 0, 0, 0, 0, 0, 31830, 64394, 319476, 446313, 63564, 31291, 0, 0, 0, 0, 0, 0, 0, 0, 0, 0, 0, 0] 
-------------------------------------------------------
